!  coords --line:  name; type, P-alpha, P-beta, P-gamma, xcent, ycent
'NA_LAT_LONG'
1, 0, 0, 0, 0, 0
'LAM_40N_100W'
2, 30, 60, -100, -100, 40
'LAM_40N_97W'
2, 33, 45, -97, -97, 40
'LAM_40N_90W'
2, 30, 60, -90, -90, 40
'OMERC_'
3, -100, 20, 10, 127000, 52000
'STERE_40_100'
4, 40, -100, 0, 0, 0
'UTM_ZONE10'
5, 10, 0, 0, 0, 0
'STERE_POLAR_N'
6, 80, -100, 1, 0, 0
'EMERC_40_100'
7, 40, 0, -100, 0, 0
'TMERC_40_100'
8, 40, -100, 1, 0, 0
'AEA_40_100'
9, 30, 60, -100, -100, 40
'LAEA_40_100'
10, 40, -100, 0, 0, 0
'SINU_100'
11, -100, 0, 0, 0, 0
' '  !  end coords.  grids:  name; xorig,yorig,xcell,ycell,ncols,nrows,nthik
'M08_NASH'
'LAM_40N_100W', 1.000E+06, -5.360E+05, 8000, 8000, 46, 42, 1
'M16_NASH'
'LAM_40N_100W', 1.000E+06, -5.360E+05, 16000, 16000, 23, 21, 1 
'US36'
'LAM_40N_100W', -2196.D3, -1692.D3, 36.D3, 36.D3, 132, 90, 1
'LATLONG_GRID'
'LATLONG', -97, 23, 0.25, 0.25, 100, 80, 1
'EGRID_359X573'
'NA_LAT_LONG', -129.9572906, 13.22372627, 0.1, 0.1, 359, 573, 1
'US36'
'LAM_40N_100W', -2196.D3, -1692.D3, 36.D3, 36.D3, 132, 90, 1
'US36KM_148X112'
'LAM_40N_97W', -2736000, -2088000, 36000, 36000, 148, 112, 1
' '
