#GRID	M08_NASH	1000000.000000	-536000.000000	8000.000000	8000.000000	46	42	1	LAMBERT	meters	30.000000	60.000000	-100.000000	-100.000000	40.000000
  210	47003	   25	   17	0.03778463	!	2297.515429	60805.562530	0.037785
  210	47003	   25	   18	0.12416644	!	7550.010361	60805.562530	0.161951
  210	47003	   27	   18	0.02322739	!	1412.354625	60805.562530	0.185178
  210	47003	   24	   19	0.03627304	!	2205.602677	60805.562530	0.221452
  210	47003	   25	   19	0.01462343	!	889.186163	60805.562530	0.236075
  210	47003	   26	   19	0.11601448	!	7054.325422	60805.562530	0.352089
  210	47003	   27	   19	0.09429846	!	5733.871129	60805.562530	0.446388
  210	47003	   23	   20	0.02292397	!	1393.904685	60805.562530	0.469312
  210	47003	   24	   20	0.15723529	!	9560.779969	60805.562530	0.626547
  210	47003	   25	   20	0.10355905	!	6296.966468	60805.562530	0.730106
  210	47003	   23	   21	0.13727328	!	8346.979089	60805.562530	0.867379
  210	47003	   25	   21	0.10379406	!	6311.256020	60805.562530	0.971174
  210	47003	   27	   21	0.00941691	!	572.600452	60805.562530	0.980590
  210	47003	   23	   22	0.01940957	!	1180.210039	60805.562530	1.000000
  210	47005	    6	   21	0.05250270	!	4521.918414	86127.350439	0.052503
  210	47005	    7	   21	0.21649133	!	18645.824727	86127.350439	0.268994
  210	47005	    8	   21	0.04240485	!	3652.217803	86127.350439	0.311399
  210	47005	    6	   22	0.07733438	!	6660.605639	86127.350439	0.388733
  210	47005	    8	   22	0.05964812	!	5137.334497	86127.350439	0.448381
  210	47005	    5	   23	0.03958610	!	3409.445989	86127.350439	0.487967
  210	47005	    6	   23	0.17037548	!	14673.988428	86127.350439	0.658343
  210	47005	    7	   23	0.05103564	!	4395.564135	86127.350439	0.709379
  210	47005	    5	   24	0.04231881	!	3644.807329	86127.350439	0.751697
  210	47005	    6	   24	0.14886159	!	12821.054164	86127.350439	0.900559
  210	47005	    5	   25	0.08506783	!	7326.667181	86127.350439	0.985627
  210	47005	    6	   25	0.01437316	!	1237.922134	86127.350439	1.000000
  210	47007	   37	   21	0.08311986	!	3801.601748	45736.380494	0.083120
  210	47007	   38	   21	0.09645940	!	4411.703744	45736.380494	0.179579
  210	47007	   38	   22	0.19162019	!	8764.013749	45736.380494	0.371199
  210	47007	   38	   23	0.09389976	!	4294.635026	45736.380494	0.465099
  210	47007	   39	   23	0.11383485	!	5206.394153	45736.380494	0.578934
  210	47007	   39	   24	0.20003916	!	9149.067344	45736.380494	0.778973
  210	47007	   39	   25	0.11369718	!	5200.097293	45736.380494	0.892670
  210	47007	   40	   25	0.08375117	!	3830.475467	45736.380494	0.976422
  210	47007	   40	   26	0.02357843	!	1078.391969	45736.380494	1.000000
  210	47011	   42	   17	0.33089143	!	16954.637160	51239.275519	0.330891
  210	47011	   43	   17	0.01956580	!	1002.537628	51239.275519	0.350457
  210	47011	   42	   18	0.07202645	!	3690.583350	51239.275519	0.422484
  210	47011	   43	   18	0.04885927	!	2503.513633	51239.275519	0.471343
  210	47011	   44	   18	0.05150020	!	2638.833028	51239.275519	0.522843
  210	47011	   45	   18	0.03541847	!	1814.816616	51239.275519	0.558262
  210	47011	   43	   19	0.22257108	!	11404.381048	51239.275519	0.780833
  210	47011	   44	   19	0.05715396	!	2928.527305	51239.275519	0.837987
  210	47011	   43	   20	0.09262527	!	4746.051568	51239.275519	0.930612
  210	47011	   44	   20	0.06938807	!	3555.394183	51239.275519	1.000000
  210	47013	   46	   36	0.16116365	!	13536.152352	83990.107404	0.161164
  210	47013	   46	   37	0.00005205	!	4.371503	83990.107404	0.161216
#REMAINDER   210	47013	    0	    0	0.83878430	!	70449.583549	83990.107404	0.838784
  210	47015	   27	   24	0.06155242	!	1449.063929	23541.950543	0.061552
  210	47015	   28	   24	0.39042589	!	9191.387052	23541.950543	0.451978
  210	47015	   29	   24	0.42186147	!	9931.441977	23541.950543	0.873840
  210	47015	   30	   24	0.12616022	!	2970.057585	23541.950543	1.000000
  210	47017	    1	   19	0.01208293	!	1166.548348	96545.140483	0.012083
  210	47017	    1	   20	0.10694443	!	10324.965302	96545.140483	0.119027
  210	47017	    5	   20	0.02783686	!	2687.513517	96545.140483	0.146864
  210	47017	    1	   21	0.04009284	!	3870.769257	96545.140483	0.186957
  210	47017	    2	   21	0.05090815	!	4914.934306	96545.140483	0.237865
  210	47017	    1	   22	0.09203520	!	8885.550901	96545.140483	0.329900
  210	47017	    2	   22	0.11660083	!	11257.243841	96545.140483	0.446501
  210	47017	    1	   23	0.07028814	!	6785.978694	96545.140483	0.516789
  210	47017	    2	   23	0.07395120	!	7139.628935	96545.140483	0.590741
  210	47017	    3	   23	0.11048643	!	10666.927809	96545.140483	0.701227
  210	47017	    4	   23	0.07208704	!	6959.653220	96545.140483	0.773314
  210	47017	    5	   23	0.01469441	!	1418.674173	96545.140483	0.788008
  210	47017	    1	   24	0.03456357	!	3336.944930	96545.140483	0.822572
  210	47017	    2	   24	0.00635400	!	613.447981	96545.140483	0.828926
#REMAINDER   210	47017	    0	    0	0.17107396	!	16516.359269	96545.140483	0.171074
  210	47021	   16	   25	0.02632804	!	1522.445940	57826.036671	0.026328
  210	47021	   16	   26	0.12176220	!	7041.025233	57826.036671	0.148090
  210	47021	   17	   26	0.28888795	!	16705.245273	57826.036671	0.436978
  210	47021	   16	   30	0.03338261	!	1930.383977	57826.036671	0.470361
  210	47021	   17	   30	0.16711382	!	9663.529811	57826.036671	0.637475
  210	47021	   18	   30	0.30242094	!	17487.804544	57826.036671	0.939896
  210	47021	   16	   31	0.06010445	!	3475.601893	57826.036671	1.000000
  210	47023	    1	   14	0.14839760	!	690.935680	4655.976028	0.148398
  210	47023	    1	   15	0.71998019	!	3352.210519	4655.976028	0.868378
#REMAINDER   210	47023	    0	    0	0.13162220	!	612.829829	4655.976028	0.131622
  210	47031	   27	   18	0.00195351	!	159.872431	81838.378725	0.001954
  210	47031	   30	   18	0.00115572	!	94.582205	81838.378725	0.003109
  210	47031	   31	   18	0.19006966	!	15554.992862	81838.378725	0.193179
  210	47031	   29	   19	0.00327505	!	268.024857	81838.378725	0.196454
  210	47031	   30	   19	0.22471458	!	18390.276690	81838.378725	0.421169
  210	47031	   31	   19	0.04676879	!	3827.481838	81838.378725	0.467937
  210	47031	   28	   20	0.18266435	!	14948.954373	81838.378725	0.650602
  210	47031	   29	   20	0.10711095	!	8765.786438	81838.378725	0.757713
  210	47031	   27	   21	0.17861291	!	14617.390572	81838.378725	0.936326
  210	47031	   28	   21	0.06367448	!	5211.016460	81838.378725	1.000000
  210	47035	   40	   26	0.03942280	!	7499.569043	190234.321560	0.039423
  210	47035	   40	   27	0.03048393	!	5799.090629	190234.321560	0.069907
  210	47035	   42	   27	0.00356622	!	678.418001	190234.321560	0.073473
  210	47035	   43	   27	0.01187780	!	2259.564847	190234.321560	0.085351
  210	47035	   37	   28	0.02848293	!	5418.430374	190234.321560	0.113834
  210	47035	   38	   28	0.04384060	!	8339.986234	190234.321560	0.157674
  210	47035	   39	   28	0.04969429	!	9453.559873	190234.321560	0.207369
  210	47035	   40	   28	0.09188300	!	17479.300078	190234.321560	0.299252
  210	47035	   41	   28	0.09830501	!	18700.986049	190234.321560	0.397557
  210	47035	   42	   28	0.13164510	!	25043.415884	190234.321560	0.529202
  210	47035	   43	   28	0.06087623	!	11580.748698	190234.321560	0.590078
  210	47035	   37	   29	0.07539133	!	14342.017821	190234.321560	0.665469
  210	47035	   38	   29	0.13153093	!	25021.697462	190234.321560	0.797000
  210	47035	   39	   29	0.11690796	!	22239.905713	190234.321560	0.913908
  210	47035	   40	   29	0.00429728	!	817.490026	190234.321560	0.918205
  210	47035	   37	   30	0.01877301	!	3571.270314	190234.321560	0.936978
  210	47035	   39	   30	0.04300801	!	8181.599243	190234.321560	0.979986
  210	47035	   39	   31	0.02001359	!	3807.271270	190234.321560	1.000000
  210	47037	   17	   26	0.03576236	!	2835.800868	79295.690930	0.035762
  210	47037	   18	   26	0.17329906	!	13741.869008	79295.690930	0.209061
  210	47037	   20	   26	0.05219670	!	4138.973671	79295.690930	0.261258
  210	47037	   22	   26	0.03241040	!	2570.004708	79295.690930	0.293669
  210	47037	   18	   27	0.01318290	!	1045.347545	79295.690930	0.306851
  210	47037	   19	   27	0.03906237	!	3097.477525	79295.690930	0.345914
  210	47037	   20	   27	0.00295469	!	234.293967	79295.690930	0.348868
  210	47037	   19	   28	0.03899399	!	3092.055181	79295.690930	0.387862
  210	47037	   20	   28	0.00402211	!	318.936385	79295.690930	0.391885
  210	47037	   18	   29	0.04159989	!	3298.692321	79295.690930	0.433484
  210	47037	   19	   29	0.31610849	!	25066.041281	79295.690930	0.749593
  210	47037	   20	   29	0.06186576	!	4905.688039	79295.690930	0.811459
  210	47037	   18	   30	0.10571030	!	8382.370957	79295.690930	0.917169
  210	47037	   19	   30	0.07373578	!	5846.929435	79295.690930	0.990905
  210	47037	   20	   30	0.00853069	!	676.446640	79295.690930	0.999435
  210	47037	   20	   31	0.00056451	!	44.763399	79295.690930	1.000000
  210	47039	    6	   17	0.01260370	!	722.243831	57304.110050	0.012604
  210	47039	    7	   17	0.01662931	!	952.927789	57304.110050	0.029233
  210	47039	    6	   18	0.14230971	!	8154.931135	57304.110050	0.171543
  210	47039	    7	   18	0.18052314	!	10344.717937	57304.110050	0.352066
  210	47039	    6	   19	0.06351841	!	3639.865850	57304.110050	0.415584
  210	47039	    7	   19	0.03341229	!	1914.661419	57304.110050	0.448997
  210	47039	    5	   20	0.00245694	!	140.792628	57304.110050	0.451453
  210	47039	    6	   20	0.03422568	!	1961.272239	57304.110050	0.485679
  210	47039	    7	   20	0.13184191	!	7555.083430	57304.110050	0.617521
  210	47039	    6	   21	0.38076662	!	21819.492436	57304.110050	0.998288
  210	47039	    7	   21	0.00171229	!	98.121358	57304.110050	1.000000
  210	47041	   28	   27	0.02160318	!	824.724275	38176.060317	0.021603
  210	47041	   29	   27	0.28534415	!	10893.315553	38176.060317	0.306947
  210	47041	   30	   27	0.20884136	!	7972.740295	38176.060317	0.515789
  210	47041	   31	   27	0.07654128	!	2922.044629	38176.060317	0.592330
  210	47041	   32	   27	0.27325541	!	10431.814889	38176.060317	0.865585
  210	47041	   33	   27	0.01095699	!	418.294646	38176.060317	0.876542
  210	47041	   28	   28	0.12345763	!	4713.126029	38176.060317	1.000000
  210	47043	   13	   24	0.15980469	!	8073.666269	50522.087102	0.159805
  210	47043	   14	   24	0.06770554	!	3420.625406	50522.087102	0.227510
  210	47043	   12	   25	0.08668731	!	4379.623664	50522.087102	0.314198
  210	47043	   13	   25	0.08982842	!	4538.319289	50522.087102	0.404026
  210	47043	   14	   25	0.11463951	!	5791.827331	50522.087102	0.518665
  210	47043	   15	   25	0.20092397	!	10151.098482	50522.087102	0.719589
  210	47043	   16	   25	0.03999560	!	2020.661101	50522.087102	0.759585
  210	47043	   14	   26	0.03228083	!	1630.895038	50522.087102	0.791866
  210	47043	   15	   26	0.14740636	!	7447.276997	50522.087102	0.939272
  210	47043	   16	   26	0.06072777	!	3068.093525	50522.087102	1.000000
  210	47049	   39	   31	0.07137307	!	4073.030308	57066.767703	0.071373
  210	47049	   39	   32	0.12269794	!	7001.974585	57066.767703	0.194071
  210	47049	   39	   33	0.14748526	!	8416.506859	57066.767703	0.341556
  210	47049	   39	   34	0.18088958	!	10322.783416	57066.767703	0.522446
  210	47049	   39	   35	0.25378949	!	14482.945726	57066.767703	0.776235
  210	47049	   38	   36	0.07954704	!	4539.492437	57066.767703	0.855782
  210	47049	   39	   36	0.14421764	!	8230.034372	57066.767703	1.000000
  210	47051	   28	   14	0.11987689	!	9241.406269	77090.809386	0.119877
  210	47051	   29	   14	0.02927268	!	2256.654328	77090.809386	0.149150
  210	47051	   29	   15	0.10495634	!	8091.169418	77090.809386	0.254106
  210	47051	   30	   15	0.05446783	!	4198.968784	77090.809386	0.308574
  210	47051	   29	   16	0.04126847	!	3181.419508	77090.809386	0.349842
  210	47051	   30	   16	0.15065506	!	11614.120299	77090.809386	0.500497
  210	47051	   31	   16	0.09204058	!	7095.482462	77090.809386	0.592538
  210	47051	   32	   16	0.06268193	!	4832.200563	77090.809386	0.655220
  210	47051	   28	   17	0.02020322	!	1557.482452	77090.809386	0.675423
  210	47051	   29	   17	0.12154106	!	9369.698702	77090.809386	0.796964
  210	47051	   30	   17	0.05191633	!	4002.271701	77090.809386	0.848880
  210	47051	   31	   17	0.11942292	!	9206.409588	77090.809386	0.968303
  210	47051	   32	   17	0.01513890	!	1167.069676	77090.809386	0.983442
  210	47051	   28	   18	0.01655782	!	1276.455636	77090.809386	1.000000
  210	47055	   21	   12	0.09562845	!	12997.785385	135919.647264	0.095628
  210	47055	   22	   12	0.00854468	!	1161.389300	135919.647264	0.104173
  210	47055	   20	   13	0.05904021	!	8024.724489	135919.647264	0.163213
  210	47055	   21	   13	0.11347464	!	15423.433341	135919.647264	0.276688
  210	47055	   17	   14	0.01238103	!	1682.825900	135919.647264	0.289069
  210	47055	   18	   14	0.05318428	!	7228.788188	135919.647264	0.342253
  210	47055	   19	   14	0.06543745	!	8894.235420	135919.647264	0.407691
  210	47055	   20	   14	0.10875592	!	14782.065726	135919.647264	0.516447
  210	47055	   21	   14	0.13997996	!	19026.026118	135919.647264	0.656427
  210	47055	   22	   14	0.00602101	!	818.373591	135919.647264	0.662448
  210	47055	   19	   15	0.05037504	!	6846.957988	135919.647264	0.712823
  210	47055	   20	   15	0.06814636	!	9262.429807	135919.647264	0.780969
  210	47055	   21	   15	0.07328364	!	9960.687157	135919.647264	0.854253
  210	47055	   19	   16	0.05385020	!	7319.299775	135919.647264	0.908103
  210	47055	   21	   16	0.04543087	!	6174.948462	135919.647264	0.953534
  210	47055	   19	   17	0.04646625	!	6315.676618	135919.647264	1.000000
  210	47061	   31	   17	0.00486573	!	191.896960	39438.504147	0.004866
  210	47061	   32	   17	0.45131081	!	17799.023109	39438.504147	0.456177
  210	47061	   33	   17	0.23327734	!	9200.109268	39438.504147	0.689454
  210	47061	   34	   17	0.09600466	!	3786.280211	39438.504147	0.785459
  210	47061	   31	   18	0.02375733	!	936.953583	39438.504147	0.809216
  210	47061	   32	   18	0.19078414	!	7524.241017	39438.504147	1.000000
  210	47065	   37	   14	0.02530728	!	1130.503995	44671.102937	0.025307
  210	47065	   38	   14	0.05470236	!	2443.614645	44671.102937	0.080010
  210	47065	   38	   15	0.17055746	!	7618.989689	44671.102937	0.250567
  210	47065	   39	   15	0.00441164	!	197.072613	44671.102937	0.254979
  210	47065	   38	   16	0.04003501	!	1788.408035	44671.102937	0.295014
  210	47065	   39	   16	0.00201013	!	89.794887	44671.102937	0.297024
  210	47065	   41	   16	0.20013824	!	8940.396063	44671.102937	0.497162
  210	47065	   42	   16	0.04939592	!	2206.570415	44671.102937	0.546558
  210	47065	   38	   17	0.00363565	!	162.408595	44671.102937	0.550194
  210	47065	   39	   17	0.00618714	!	276.386274	44671.102937	0.556381
  210	47065	   41	   17	0.02143068	!	957.332151	44671.102937	0.577812
  210	47065	   42	   17	0.02398609	!	1071.485246	44671.102937	0.601798
  210	47065	   39	   18	0.02741199	!	1224.523749	44671.102937	0.629210
  210	47065	   40	   19	0.12180493	!	5441.160749	44671.102937	0.751015
  210	47065	   40	   20	0.15822293	!	7067.992920	44671.102937	0.909237
  210	47065	   40	   21	0.09076254	!	4054.462910	44671.102937	1.000000
  210	47071	    6	   10	0.01924622	!	530.044614	27540.198887	0.019246
  210	47071	    5	   12	0.22271931	!	6133.734147	27540.198887	0.241966
  210	47071	    6	   12	0.11730800	!	3230.685709	27540.198887	0.359274
  210	47071	    7	   12	0.00401811	!	110.659477	27540.198887	0.363292
  210	47071	    7	   13	0.29442092	!	8108.410752	27540.198887	0.657713
  210	47071	    8	   13	0.27967562	!	7702.322115	27540.198887	0.937388
  210	47071	    9	   13	0.00285653	!	78.669501	27540.198887	0.940245
  210	47071	    9	   14	0.05975529	!	1645.672572	27540.198887	1.000000
  210	47077	    4	   16	0.00460485	!	376.552490	81772.961087	0.004605
  210	47077	    1	   18	0.04850205	!	3966.156353	81772.961087	0.053107
  210	47077	    2	   18	0.09828166	!	8036.782340	81772.961087	0.151389
  210	47077	    3	   18	0.05232563	!	4278.821679	81772.961087	0.203714
  210	47077	    4	   18	0.07113525	!	5816.940321	81772.961087	0.274849
  210	47077	    5	   18	0.10395661	!	8500.839510	81772.961087	0.378806
  210	47077	    6	   18	0.02568965	!	2100.718480	81772.961087	0.404496
  210	47077	    1	   19	0.06242211	!	5104.441175	81772.961087	0.466918
  210	47077	    2	   19	0.11625861	!	9506.810828	81772.961087	0.583176
  210	47077	    3	   19	0.03741624	!	3059.637038	81772.961087	0.620593
  210	47077	    3	   20	0.08769951	!	7171.448241	81772.961087	0.708292
  210	47077	    4	   20	0.10712617	!	8760.024197	81772.961087	0.815418
  210	47077	    5	   20	0.18458165	!	15093.788436	81772.961087	1.000000
  210	47079	    2	   24	0.00287275	!	203.652457	70891.023954	0.002873
  210	47079	    2	   25	0.13839405	!	9810.896132	70891.023954	0.141267
  210	47079	    5	   25	0.02773057	!	1965.848757	70891.023954	0.168997
  210	47079	    2	   26	0.02278039	!	1614.924995	70891.023954	0.191778
  210	47079	    3	   26	0.10957889	!	7768.159618	70891.023954	0.301357
  210	47079	    4	   26	0.13219826	!	9371.669685	70891.023954	0.433555
  210	47079	    5	   26	0.04234767	!	3002.069338	70891.023954	0.475903
  210	47079	    3	   27	0.05414782	!	3838.594223	70891.023954	0.530050
  210	47079	    4	   27	0.03649951	!	2587.487496	70891.023954	0.566550
  210	47079	    3	   28	0.09931801	!	7040.755455	70891.023954	0.665868
  210	47079	    4	   28	0.09076867	!	6434.684253	70891.023954	0.756637
  210	47079	    5	   28	0.03831303	!	2716.049584	70891.023954	0.794950
  210	47079	    3	   29	0.09930959	!	7040.158235	70891.023954	0.894259
  210	47079	    5	   29	0.10371867	!	7352.723043	70891.023954	0.997978
  210	47079	    6	   29	0.00202213	!	143.350683	70891.023954	1.000000
  210	47081	   10	   22	0.01965288	!	503.793093	25634.567224	0.019653
  210	47081	   11	   22	0.36227297	!	9286.710725	25634.567224	0.381926
  210	47081	   11	   23	0.07963344	!	2041.368650	25634.567224	0.461559
  210	47081	   12	   23	0.32726759	!	8389.363122	25634.567224	0.788827
  210	47081	   12	   24	0.14416312	!	3695.559126	25634.567224	0.932990
  210	47081	   13	   24	0.06701001	!	1717.772508	25634.567224	1.000000
  210	47085	    8	   22	0.08549342	!	4978.884027	58237.042214	0.085493
  210	47085	    9	   22	0.16005441	!	9321.095362	58237.042214	0.245548
  210	47085	   10	   22	0.14519448	!	8455.696807	58237.042214	0.390742
  210	47085	    7	   23	0.03141636	!	1829.595720	58237.042214	0.422159
  210	47085	    7	   24	0.03861624	!	2248.895861	58237.042214	0.460775
  210	47085	    8	   24	0.17075653	!	9944.355501	58237.042214	0.631531
  210	47085	   12	   24	0.00026771	!	15.590827	58237.042214	0.631799
  210	47085	    9	   25	0.03930962	!	2289.276208	58237.042214	0.671109
  210	47085	   10	   25	0.14229782	!	8287.004207	58237.042214	0.813407
  210	47085	   11	   25	0.14049515	!	8182.022109	58237.042214	0.953902
  210	47085	   12	   25	0.04609825	!	2684.625584	58237.042214	1.000000
  210	47099	   15	   11	0.12036987	!	8313.698632	69067.936088	0.120370
  210	47099	   15	   12	0.11090929	!	7660.275668	69067.936088	0.231279
  210	47099	   16	   12	0.02087246	!	1441.617939	69067.936088	0.252152
  210	47099	   16	   13	0.10839031	!	7486.295228	69067.936088	0.360542
  210	47099	   15	   14	0.04087091	!	2822.869659	69067.936088	0.401413
  210	47099	   16	   14	0.01821539	!	1258.099420	69067.936088	0.419628
  210	47099	   17	   14	0.09007744	!	6221.462949	69067.936088	0.509706
  210	47099	   13	   15	0.04693216	!	3241.507164	69067.936088	0.556638
  210	47099	   14	   15	0.08701715	!	6010.095044	69067.936088	0.643655
  210	47099	   15	   15	0.08741466	!	6037.549885	69067.936088	0.731070
  210	47099	   16	   15	0.09731276	!	6721.191164	69067.936088	0.828382
  210	47099	   16	   16	0.12180626	!	8412.906744	69067.936088	0.950189
  210	47099	   16	   17	0.04981134	!	3440.366591	69067.936088	1.000000
  210	47101	   12	   18	0.20792778	!	5315.514522	25564.234973	0.207928
  210	47101	   13	   18	0.13515806	!	3455.212393	25564.234973	0.343086
  210	47101	   14	   18	0.22265058	!	5691.891707	25564.234973	0.565736
  210	47101	   15	   18	0.21188372	!	5416.645214	25564.234973	0.777620
  210	47101	   14	   19	0.13575291	!	3470.419380	25564.234973	0.913373
  210	47101	   15	   19	0.08662695	!	2214.551758	25564.234973	1.000000
  210	47103	   25	   12	0.01839173	!	1690.220719	91901.119914	0.018392
  210	47103	   25	   13	0.07738374	!	7111.652041	91901.119914	0.095775
  210	47103	   22	   14	0.04506012	!	4141.075155	91901.119914	0.140836
  210	47103	   24	   14	0.03659112	!	3362.764810	91901.119914	0.177427
  210	47103	   25	   14	0.06395392	!	5877.437094	91901.119914	0.241381
  210	47103	   26	   14	0.10783941	!	9910.562759	91901.119914	0.349220
  210	47103	   27	   14	0.09283580	!	8531.714007	91901.119914	0.442056
  210	47103	   28	   14	0.00201761	!	185.420269	91901.119914	0.444073
  210	47103	   22	   15	0.05252180	!	4826.811990	91901.119914	0.496595
  210	47103	   23	   15	0.08999732	!	8270.854055	91901.119914	0.586593
  210	47103	   24	   15	0.15499785	!	14244.475887	91901.119914	0.741590
  210	47103	   25	   15	0.06488291	!	5962.812064	91901.119914	0.806473
  210	47103	   23	   16	0.02139381	!	1966.115206	91901.119914	0.827867
  210	47103	   24	   16	0.12521576	!	11507.468172	91901.119914	0.953083
  210	47103	   25	   16	0.01892260	!	1739.008231	91901.119914	0.972005
  210	47103	   26	   16	0.01250273	!	1149.014672	91901.119914	0.984508
  210	47103	   24	   17	0.00034199	!	31.429646	91901.119914	0.984850
  210	47103	   25	   17	0.01514980	!	1392.283139	91901.119914	1.000000
  210	47105	   46	   25	0.00876824	!	840.500838	95857.393189	0.008768
  210	47105	   46	   26	0.01637815	!	1569.966426	95857.393189	0.025146
#REMAINDER   210	47105	    0	    0	0.97485361	!	93446.925925	95857.393189	0.974854
  210	47107	   44	   20	0.14212540	!	15751.320629	110826.920485	0.142125
  210	47107	   46	   20	0.00823141	!	912.262057	110826.920485	0.150357
  210	47107	   44	   21	0.19514297	!	21627.094092	110826.920485	0.345500
  210	47107	   45	   21	0.06650622	!	7370.679668	110826.920485	0.412006
  210	47107	   44	   22	0.02948508	!	3267.740874	110826.920485	0.441491
  210	47107	   45	   22	0.11256405	!	12475.126593	110826.920485	0.554055
  210	47107	   45	   23	0.14744523	!	16340.900275	110826.920485	0.701500
  210	47107	   46	   23	0.02474191	!	2742.069146	110826.920485	0.726242
  210	47107	   45	   24	0.02152574	!	2385.631755	110826.920485	0.747768
  210	47107	   46	   24	0.15701561	!	17401.556938	110826.920485	0.904784
#REMAINDER   210	47107	    0	    0	0.09521638	!	10552.538458	110826.920485	0.095216
  210	47109	    1	    9	0.00670854	!	493.966384	73632.433662	0.006709
  210	47109	    3	    9	0.07393324	!	5443.884380	73632.433662	0.080642
  210	47109	    3	   10	0.13915779	!	10246.527006	73632.433662	0.219800
  210	47109	    1	   11	0.10942926	!	8057.542426	73632.433662	0.329229
  210	47109	    2	   11	0.15139862	!	11147.848965	73632.433662	0.480627
  210	47109	    3	   11	0.06505310	!	4790.017900	73632.433662	0.545681
  210	47109	    2	   12	0.10890363	!	8018.839234	73632.433662	0.654584
  210	47109	    3	   12	0.04476370	!	3296.060062	73632.433662	0.699348
  210	47109	    4	   12	0.12950085	!	9535.462855	73632.433662	0.828849
  210	47109	    5	   12	0.00547522	!	403.153656	73632.433662	0.834324
  210	47109	    1	   13	0.07895206	!	5813.432275	73632.433662	0.913276
  210	47109	    2	   13	0.02846410	!	2095.880897	73632.433662	0.941740
  210	47109	    1	   14	0.00756800	!	557.250298	73632.433662	0.949308
#REMAINDER   210	47109	    0	    0	0.05069189	!	3732.567327	73632.433662	0.050692
  210	47113	    1	   18	0.07223855	!	9144.284537	126584.552224	0.072239
  210	47113	    1	   19	0.00549625	!	695.740911	126584.552224	0.077735
#REMAINDER   210	47113	    0	    0	0.92226520	!	116744.526776	126584.552224	0.922265
  210	47115	   34	   14	0.04508227	!	5985.219663	132762.152645	0.045082
  210	47115	   35	   14	0.00679582	!	902.227794	132762.152645	0.051878
  210	47115	   36	   14	0.04295171	!	5702.361860	132762.152645	0.094830
  210	47115	   37	   14	0.04327982	!	5745.922619	132762.152645	0.138110
  210	47115	   34	   15	0.09077638	!	12051.667146	132762.152645	0.228886
  210	47115	   35	   15	0.11710875	!	15547.609753	132762.152645	0.345995
  210	47115	   36	   15	0.15308200	!	20323.496174	132762.152645	0.499077
  210	47115	   37	   15	0.09398177	!	12477.222452	132762.152645	0.593059
  210	47115	   38	   15	0.00322193	!	427.750617	132762.152645	0.596280
  210	47115	   33	   16	0.11927659	!	15835.416772	132762.152645	0.715557
  210	47115	   34	   16	0.03610268	!	4793.069469	132762.152645	0.751660
  210	47115	   35	   16	0.03925334	!	5211.357261	132762.152645	0.790913
  210	47115	   32	   17	0.05783744	!	7678.622818	132762.152645	0.848751
  210	47115	   33	   17	0.09398078	!	12477.090862	132762.152645	0.942731
  210	47115	   34	   17	0.05726871	!	7603.117386	132762.152645	1.000000
  210	47117	   21	   16	0.11592280	!	11953.631899	103117.176040	0.115923
  210	47117	   23	   16	0.01048940	!	1081.637402	103117.176040	0.126412
  210	47117	   21	   17	0.19263599	!	19864.079734	103117.176040	0.319048
  210	47117	   23	   17	0.09818128	!	10124.175981	103117.176040	0.417229
  210	47117	   20	   18	0.05996358	!	6183.274819	103117.176040	0.477193
  210	47117	   21	   18	0.03375707	!	3480.934038	103117.176040	0.510950
  210	47117	   22	   18	0.08308004	!	8566.978676	103117.176040	0.594030
  210	47117	   23	   18	0.01473451	!	1519.380755	103117.176040	0.608765
  210	47117	   21	   19	0.09547411	!	9845.020787	103117.176040	0.704239
  210	47117	   22	   19	0.08486739	!	8751.285737	103117.176040	0.789106
  210	47117	   21	   20	0.04572166	!	4714.688254	103117.176040	0.834828
  210	47117	   22	   20	0.07808883	!	8052.299603	103117.176040	0.912917
  210	47117	   22	   21	0.07954537	!	8202.494429	103117.176040	0.992462
  210	47117	   22	   22	0.00753797	!	777.293925	103117.176040	1.000000
  210	47119	   16	   17	0.04693393	!	5610.593294	119542.374678	0.046934
  210	47119	   19	   17	0.02193881	!	2622.617247	119542.374678	0.068873
  210	47119	   16	   18	0.00548800	!	656.048693	119542.374678	0.074361
  210	47119	   17	   18	0.03333315	!	3984.723921	119542.374678	0.107694
  210	47119	   18	   18	0.02854307	!	3412.106832	119542.374678	0.136237
  210	47119	   19	   18	0.03926756	!	4694.137929	119542.374678	0.175505
  210	47119	   20	   18	0.01663115	!	1988.127631	119542.374678	0.192136
  210	47119	   15	   19	0.02514177	!	3005.506777	119542.374678	0.217277
  210	47119	   16	   19	0.07834007	!	9364.957538	119542.374678	0.295618
  210	47119	   17	   19	0.10066232	!	12033.413001	119542.374678	0.396280
  210	47119	   18	   19	0.05072426	!	6063.698259	119542.374678	0.447004
  210	47119	   20	   19	0.09532243	!	11395.069827	119542.374678	0.542327
  210	47119	   17	   20	0.00793966	!	949.126254	119542.374678	0.550266
  210	47119	   18	   20	0.02846285	!	3402.516600	119542.374678	0.578729
  210	47119	   19	   20	0.01673351	!	2000.363055	119542.374678	0.595463
  210	47119	   20	   20	0.10381001	!	12409.694767	119542.374678	0.699273
  210	47119	   21	   20	0.03588392	!	4289.648718	119542.374678	0.735156
  210	47119	   19	   21	0.07008393	!	8377.999459	119542.374678	0.805240
  210	47119	   20	   21	0.09765264	!	11673.628088	119542.374678	0.902893
  210	47119	   21	   21	0.04102596	!	4904.340529	119542.374678	0.943919
  210	47119	   19	   22	0.01330055	!	1589.979225	119542.374678	0.957220
  210	47119	   20	   22	0.04278045	!	5114.077035	119542.374678	1.000000
  210	47123	   46	   24	0.13712317	!	7354.390048	53633.458831	0.137123
  210	47123	   46	   25	0.34805700	!	18667.500895	53633.458831	0.485180
#REMAINDER   210	47123	    0	    0	0.51481982	!	27611.567888	53633.458831	0.514820
  210	47125	   10	   31	0.04917205	!	3925.927693	79840.628092	0.049172
  210	47125	   11	   31	0.10554776	!	8426.999706	79840.628092	0.154720
  210	47125	   12	   31	0.01169219	!	933.512014	79840.628092	0.166412
  210	47125	   14	   31	0.02876922	!	2296.952205	79840.628092	0.195181
  210	47125	   15	   31	0.23013862	!	18374.412038	79840.628092	0.425320
  210	47125	   16	   31	0.01474336	!	1177.118896	79840.628092	0.440063
  210	47125	   12	   32	0.00971229	!	775.435154	79840.628092	0.449775
  210	47125	   14	   32	0.25329323	!	20223.090597	79840.628092	0.703069
  210	47125	   15	   32	0.00881739	!	703.986103	79840.628092	0.711886
  210	47125	   13	   33	0.12565564	!	10032.424825	79840.628092	0.837542
  210	47125	   14	   33	0.10628226	!	8485.642657	79840.628092	0.943824
  210	47125	   15	   33	0.05617599	!	4485.126206	79840.628092	1.000000
  210	47127	   26	   16	0.01706285	!	156.900879	9195.468432	0.017063
  210	47127	   24	   17	0.07977799	!	733.596021	9195.468432	0.096841
  210	47127	   25	   17	0.72117597	!	6631.550844	9195.468432	0.818017
  210	47127	   27	   18	0.18198319	!	1673.420687	9195.468432	1.000000
  210	47129	   45	   30	0.24935697	!	8721.803917	34977.180539	0.249357
  210	47129	   43	   31	0.09961355	!	3484.201072	34977.180539	0.348971
  210	47129	   44	   31	0.08674788	!	3034.196351	34977.180539	0.435718
  210	47129	   43	   32	0.28204244	!	9865.049265	34977.180539	0.717761
  210	47129	   43	   33	0.28223916	!	9871.929935	34977.180539	1.000000
  210	47133	   35	   33	1.00000000	!	61.303836	61.303836	1.000000
  210	47135	    7	   18	0.00877963	!	323.160193	36807.963731	0.008780
  210	47135	    8	   18	0.23714732	!	8728.909816	36807.963731	0.245927
  210	47135	    9	   18	0.20175031	!	7426.018218	36807.963731	0.447677
  210	47135	   10	   18	0.09073648	!	3339.825030	36807.963731	0.538414
  210	47135	   11	   18	0.17216542	!	6337.058494	36807.963731	0.710579
  210	47135	   12	   18	0.06853105	!	2522.488526	36807.963731	0.779110
  210	47135	   10	   19	0.13932300	!	5128.195807	36807.963731	0.918433
  210	47135	   11	   19	0.08156680	!	3002.307647	36807.963731	1.000000
  210	47137	   38	   36	0.47276929	!	5043.348626	10667.673849	0.472769
  210	47137	   37	   37	0.37428371	!	3992.736529	10667.673849	0.847053
  210	47137	   38	   37	0.15294700	!	1631.588694	10667.673849	1.000000
  210	47139	   45	   16	0.06765772	!	5775.049469	85356.844469	0.067658
  210	47139	   45	   17	0.09545539	!	8147.770769	85356.844469	0.163113
  210	47139	   46	   17	0.04209764	!	3593.321321	85356.844469	0.205211
  210	47139	   45	   18	0.17680769	!	15091.746254	85356.844469	0.382018
  210	47139	   46	   18	0.09473254	!	8086.070446	85356.844469	0.476751
  210	47139	   46	   19	0.11898028	!	10155.781323	85356.844469	0.595731
  210	47139	   46	   20	0.03922710	!	3348.301408	85356.844469	0.634958
#REMAINDER   210	47139	    0	    0	0.36504165	!	31158.803479	85356.844469	0.365042
  210	47141	   31	   29	0.09760162	!	9678.116651	99159.386123	0.097602
  210	47141	   32	   29	0.13515296	!	13401.684700	99159.386123	0.232755
  210	47141	   33	   29	0.07845794	!	7779.840972	99159.386123	0.311213
  210	47141	   34	   29	0.01183598	!	1173.648957	99159.386123	0.323049
  210	47141	   35	   29	0.06575981	!	6520.702656	99159.386123	0.388808
  210	47141	   30	   30	0.00222423	!	220.553333	99159.386123	0.391033
  210	47141	   31	   30	0.09880204	!	9797.149430	99159.386123	0.489835
  210	47141	   32	   30	0.07126153	!	7066.250051	99159.386123	0.561096
  210	47141	   33	   30	0.00649209	!	643.751341	99159.386123	0.567588
  210	47141	   34	   30	0.06514126	!	6459.367026	99159.386123	0.632729
  210	47141	   35	   30	0.13628515	!	13513.951534	99159.386123	0.769015
  210	47141	   36	   30	0.15531946	!	15401.382666	99159.386123	0.924334
  210	47141	   37	   30	0.07566593	!	7502.986807	99159.386123	1.000000
  210	47143	   40	   21	0.10850985	!	3923.830174	36161.051057	0.108510
  210	47143	   41	   21	0.00412582	!	149.194090	36161.051057	0.112636
  210	47143	   41	   22	0.04555909	!	1647.464730	36161.051057	0.158195
  210	47143	   41	   23	0.24397133	!	8822.259846	36161.051057	0.402166
  210	47143	   41	   24	0.01709333	!	618.112929	36161.051057	0.419259
  210	47143	   42	   24	0.16387441	!	5925.870802	36161.051057	0.583134
  210	47143	   42	   25	0.21075851	!	7621.249196	36161.051057	0.793892
  210	47143	   42	   26	0.07205206	!	2605.478291	36161.051057	0.865944
  210	47143	   43	   26	0.12599118	!	4555.973558	36161.051057	0.991936
  210	47143	   43	   27	0.00806441	!	291.617440	36161.051057	1.000000
  210	47145	   43	   27	0.12056580	!	9082.909985	75335.710966	0.120566
  210	47145	   43	   28	0.09898850	!	7457.368709	75335.710966	0.219554
  210	47145	   44	   28	0.31375750	!	23637.144381	75335.710966	0.533312
  210	47145	   45	   28	0.04499012	!	3389.362557	75335.710966	0.578302
  210	47145	   46	   28	0.19926239	!	15011.573680	75335.710966	0.777564
  210	47145	   45	   29	0.04366269	!	3289.359614	75335.710966	0.821227
  210	47145	   46	   29	0.01153205	!	868.775483	75335.710966	0.832759
  210	47145	   45	   30	0.01079728	!	813.420920	75335.710966	0.843556
#REMAINDER   210	47145	    0	    0	0.15644368	!	11785.795638	75335.710966	0.156444
  210	47147	   16	   30	0.00841092	!	865.754878	102932.288366	0.008411
  210	47147	   17	   30	0.12477969	!	12843.859079	102932.288366	0.133191
  210	47147	   18	   30	0.01014581	!	1044.331545	102932.288366	0.143336
  210	47147	   16	   31	0.12349603	!	12711.728811	102932.288366	0.266832
  210	47147	   18	   31	0.07401354	!	7618.382800	102932.288366	0.340846
  210	47147	   20	   31	0.02510965	!	2584.593358	102932.288366	0.365956
  210	47147	   16	   32	0.01035436	!	1065.798104	102932.288366	0.376310
  210	47147	   17	   32	0.06500125	!	6690.727423	102932.288366	0.441311
  210	47147	   18	   32	0.08180138	!	8420.002923	102932.288366	0.523113
  210	47147	   20	   32	0.08430751	!	8677.965389	102932.288366	0.607420
  210	47147	   21	   32	0.01611581	!	1658.837605	102932.288366	0.623536
  210	47147	   15	   33	0.01957214	!	2014.604667	102932.288366	0.643108
  210	47147	   16	   33	0.07088313	!	7296.162763	102932.288366	0.713991
  210	47147	   18	   33	0.07566325	!	7788.191300	102932.288366	0.789654
  210	47147	   21	   33	0.10014360	!	10308.010341	102932.288366	0.889798
  210	47147	   18	   34	0.02848255	!	2931.773969	102932.288366	0.918281
  210	47147	   21	   34	0.08171939	!	8411.563412	102932.288366	1.000000
  210	47149	   25	   21	0.01698275	!	1876.234462	110478.832159	0.016983
  210	47149	   27	   21	0.01671608	!	1846.772547	110478.832159	0.033699
  210	47149	   22	   22	0.08456821	!	9342.996772	110478.832159	0.118267
  210	47149	   23	   22	0.02401693	!	2653.362488	110478.832159	0.142284
  210	47149	   25	   22	0.02610994	!	2884.596106	110478.832159	0.168394
  210	47149	   26	   22	0.11328195	!	12515.257804	110478.832159	0.281676
  210	47149	   27	   22	0.07548596	!	8339.600538	110478.832159	0.357162
  210	47149	   22	   23	0.02062091	!	2278.174550	110478.832159	0.377783
  210	47149	   25	   23	0.09423221	!	10410.664024	110478.832159	0.472015
  210	47149	   26	   23	0.09971789	!	11016.715575	110478.832159	0.571733
  210	47149	   24	   24	0.04331600	!	4785.501272	110478.832159	0.615049
  210	47149	   25	   24	0.03921011	!	4331.887342	110478.832159	0.654259
  210	47149	   26	   24	0.06928268	!	7654.270050	110478.832159	0.723542
  210	47149	   27	   24	0.05641308	!	6232.451103	110478.832159	0.779955
  210	47149	   23	   25	0.05355190	!	5916.351763	110478.832159	0.833507
  210	47149	   24	   25	0.06588720	!	7279.140967	110478.832159	0.899394
  210	47149	   25	   25	0.03734093	!	4125.382655	110478.832159	0.936735
  210	47149	   22	   26	0.00894625	!	988.371682	110478.832159	0.945681
  210	47149	   23	   26	0.01349685	!	1491.115963	110478.832159	0.959178
  210	47149	   25	   26	0.04082216	!	4509.984495	110478.832159	1.000000
  210	47151	   43	   33	0.00294132	!	93.567899	31811.540703	0.002941
  210	47151	   43	   34	0.28721959	!	9136.897664	31811.540703	0.290161
  210	47151	   43	   35	0.10686058	!	3399.399839	31811.540703	0.397021
  210	47151	   44	   35	0.17760618	!	5649.926170	31811.540703	0.574628
  210	47151	   43	   36	0.15072064	!	4794.655755	31811.540703	0.725348
  210	47151	   44	   36	0.01359529	!	432.486975	31811.540703	0.738944
  210	47151	   44	   37	0.17652084	!	5615.399833	31811.540703	0.915464
  210	47151	   44	   38	0.08453556	!	2689.206566	31811.540703	1.000000
  210	47153	   37	   17	0.07231556	!	2402.526614	33222.818142	0.072316
  210	47153	   38	   17	0.09369059	!	3112.665446	33222.818142	0.166006
  210	47153	   37	   18	0.29314597	!	9739.135186	33222.818142	0.459152
  210	47153	   37	   19	0.26797986	!	8903.046084	33222.818142	0.727132
  210	47153	   37	   20	0.25002779	!	8306.627830	33222.818142	0.977160
  210	47153	   37	   21	0.02284024	!	758.816982	33222.818142	1.000000
  210	47159	   27	   29	0.00972195	!	643.958714	66237.628492	0.009722
  210	47159	   28	   29	0.14165403	!	9382.827333	66237.628492	0.151376
  210	47159	   29	   29	0.16554612	!	10965.382300	66237.628492	0.316922
  210	47159	   30	   29	0.22426956	!	14855.083760	66237.628492	0.541192
  210	47159	   31	   29	0.04618204	!	3058.989029	66237.628492	0.587374
  210	47159	   27	   30	0.08019205	!	5311.731392	66237.628492	0.667566
  210	47159	   28	   30	0.09265888	!	6137.504721	66237.628492	0.760225
  210	47159	   29	   30	0.08527390	!	5648.341092	66237.628492	0.845499
  210	47159	   30	   30	0.15450146	!	10233.810150	66237.628492	1.000000
  210	47161	    6	   29	0.15707455	!	6414.110018	40834.812653	0.157075
  210	47161	    6	   30	0.02717808	!	1109.811978	40834.812653	0.184253
  210	47161	    7	   30	0.19398770	!	7921.451484	40834.812653	0.378240
  210	47161	    8	   30	0.16674413	!	6808.965306	40834.812653	0.544984
  210	47161	    8	   31	0.15605033	!	6372.285798	40834.812653	0.701035
  210	47161	    9	   31	0.19889492	!	8121.836820	40834.812653	0.899930
  210	47161	   10	   31	0.10007028	!	4086.351250	40834.812653	1.000000
  210	47165	   20	   30	0.10005897	!	9227.948282	92225.097785	0.100059
  210	47165	   21	   30	0.00906355	!	835.886743	92225.097785	0.109123
  210	47165	   22	   30	0.10684744	!	9854.015570	92225.097785	0.215970
  210	47165	   20	   31	0.12679673	!	11693.840848	92225.097785	0.342767
  210	47165	   23	   31	0.00047366	!	43.683347	92225.097785	0.343240
  210	47165	   21	   32	0.03783769	!	3489.585112	92225.097785	0.381078
  210	47165	   23	   32	0.00478499	!	441.296294	92225.097785	0.385863
  210	47165	   24	   32	0.07601304	!	7010.309682	92225.097785	0.461876
  210	47165	   25	   32	0.01495014	!	1378.778496	92225.097785	0.476826
  210	47165	   21	   33	0.14565156	!	13432.729047	92225.097785	0.622478
  210	47165	   24	   33	0.03906853	!	3603.099072	92225.097785	0.661546
  210	47165	   25	   33	0.10367549	!	9561.482652	92225.097785	0.765222
  210	47165	   21	   34	0.09947067	!	9173.692017	92225.097785	0.864692
  210	47165	   25	   34	0.09522328	!	8781.976294	92225.097785	0.959916
  210	47165	   25	   35	0.04008425	!	3696.774331	92225.097785	1.000000
  210	47169	   25	   30	0.09083989	!	1522.014709	16754.916268	0.090840
  210	47169	   25	   31	0.49514854	!	8296.172258	16754.916268	0.585988
  210	47169	   25	   32	0.41401158	!	6936.729300	16754.916268	1.000000
  210	47175	   35	   24	0.05022819	!	245.686949	4891.415153	0.050228
  210	47175	   34	   25	0.94977181	!	4645.728203	4891.415153	1.000000
  210	47177	   32	   22	0.03518835	!	1055.090655	29984.092718	0.035188
  210	47177	   30	   23	0.14187408	!	4253.965559	29984.092718	0.177062
  210	47177	   31	   23	0.24554990	!	7362.590886	29984.092718	0.422612
  210	47177	   32	   23	0.07983445	!	2393.763611	29984.092718	0.502447
  210	47177	   33	   23	0.01956315	!	586.583240	29984.092718	0.522010
  210	47177	   30	   24	0.03772582	!	1131.174414	29984.092718	0.559736
  210	47177	   33	   24	0.40308884	!	12086.253155	29984.092718	0.962825
  210	47177	   34	   24	0.00364760	!	109.369959	29984.092718	0.966472
  210	47177	   34	   25	0.03352782	!	1005.301240	29984.092718	1.000000
  210	47181	   11	   12	0.00094839	!	37.523374	39565.231401	0.000948
  210	47181	   12	   12	0.00348051	!	137.707106	39565.231401	0.004429
  210	47181	    9	   14	0.18708132	!	7401.915635	39565.231401	0.191510
  210	47181	   10	   14	0.19288011	!	7631.346160	39565.231401	0.384390
  210	47181	   11	   14	0.16994876	!	6724.062009	39565.231401	0.554339
  210	47181	   11	   15	0.08194180	!	3242.046446	39565.231401	0.636281
  210	47181	   12	   15	0.22115142	!	8749.907055	39565.231401	0.857432
  210	47181	   13	   15	0.14256769	!	5640.723616	39565.231401	1.000000
#REMAINDER   210	47183	    0	    0	1.00000000	!	34532.356699	34532.356699	1.000000
  210	47185	   34	   25	0.16612553	!	9103.874861	54801.177495	0.166126
  210	47185	   34	   26	0.06622760	!	3629.350499	54801.177495	0.232353
  210	47185	   35	   26	0.08296694	!	4546.685860	54801.177495	0.315320
  210	47185	   33	   27	0.13840456	!	7584.733024	54801.177495	0.453725
  210	47185	   34	   27	0.13592963	!	7449.103575	54801.177495	0.589654
  210	47185	   35	   27	0.13992344	!	7667.969392	54801.177495	0.729578
  210	47185	   36	   27	0.16514069	!	9049.904396	54801.177495	0.894718
  210	47185	   34	   28	0.04083025	!	2237.546022	54801.177495	0.935549
  210	47185	   36	   28	0.00873310	!	478.584244	54801.177495	0.944282
  210	47185	   37	   28	0.05304714	!	2907.045979	54801.177495	0.997329
  210	47185	   34	   29	0.00267110	!	146.379642	54801.177495	1.000000
  210	47187	   19	   22	0.02444217	!	2033.426497	83193.381847	0.024442
  210	47187	   20	   22	0.19634187	!	16334.343884	83193.381847	0.220784
  210	47187	   22	   22	0.04688109	!	3900.196505	83193.381847	0.267665
  210	47187	   19	   23	0.00829423	!	690.024832	83193.381847	0.275959
  210	47187	   20	   23	0.23406857	!	19472.956028	83193.381847	0.510028
  210	47187	   22	   23	0.12459147	!	10365.186057	83193.381847	0.634619
  210	47187	   16	   24	0.00355679	!	295.901101	83193.381847	0.638176
  210	47187	   19	   24	0.00353696	!	294.251464	83193.381847	0.641713
  210	47187	   20	   24	0.03971320	!	3303.875451	83193.381847	0.681426
  210	47187	   22	   24	0.09915213	!	8248.800682	83193.381847	0.780578
  210	47187	   16	   25	0.06568873	!	5464.867850	83193.381847	0.846267
  210	47187	   17	   25	0.00354574	!	294.981876	83193.381847	0.849813
  210	47187	   19	   25	0.04772160	!	3970.120888	83193.381847	0.897535
  210	47187	   20	   25	0.02196162	!	1827.061374	83193.381847	0.919496
  210	47187	   22	   25	0.04168774	!	3468.143922	83193.381847	0.961184
  210	47187	   19	   26	0.02751013	!	2288.660683	83193.381847	0.988694
  210	47187	   20	   26	0.01130598	!	940.582753	83193.381847	1.000000
  210	47189	   25	   26	0.02044029	!	1774.251924	86801.699778	0.020440
  210	47189	   25	   27	0.07976198	!	6923.475772	86801.699778	0.100202
  210	47189	   22	   28	0.01811492	!	1572.406049	86801.699778	0.118317
  210	47189	   23	   28	0.04175574	!	3624.468874	86801.699778	0.160073
  210	47189	   24	   28	0.06302995	!	5471.106381	86801.699778	0.223103
  210	47189	   25	   28	0.02874436	!	2495.058917	86801.699778	0.251847
  210	47189	   26	   28	0.07176658	!	6229.461131	86801.699778	0.323614
  210	47189	   27	   28	0.08640067	!	7499.725094	86801.699778	0.410014
  210	47189	   28	   28	0.04462236	!	3873.296854	86801.699778	0.454637
  210	47189	   23	   29	0.01648580	!	1430.995268	86801.699778	0.471123
  210	47189	   24	   29	0.08853603	!	7685.077785	86801.699778	0.559659
  210	47189	   25	   29	0.08972269	!	7788.081827	86801.699778	0.649381
  210	47189	   26	   29	0.15204892	!	13198.104995	86801.699778	0.801430
  210	47189	   27	   29	0.07087183	!	6151.795599	86801.699778	0.872302
  210	47189	   25	   30	0.05371853	!	4662.860084	86801.699778	0.926021
  210	47189	   26	   30	0.03930233	!	3411.508736	86801.699778	0.965323
  210	47189	   27	   30	0.03467702	!	3010.024489	86801.699778	1.000000
