' '
'LAM_40N97W'
  2        33.000        45.000       -97.000       -97.000        40.000

' '
'CONUS4k'
'LAM_40N97W'    -2736000.000   -2088000.00     4000.000     4000.000  1332 1008   1
'us4k_1332x1008'
'LAM_40N97W'    -2736000.000   -2088000.00     4000.000     4000.000  1332 1008   1
'us12k_444x336'
'LAM_40N97W'    -2736000.000   -2088000.00    12000.000     12000.000  444 336   1
'us12k_459x299'
'LAM_40N97W'    -2556000.000   -1728000.00    12000.000     12000.000  459 299   1
'us12k_516x444'
'LAM_40N97W'    -2952000.000   -2772000.00    12000.000     12000.000  516 444   1
'us36k_148x112'
'LAM_40N97W'  -2736000.000  -2088000.000     36000.000     36000.000 148 112   1
'us36k_172x148'
'LAM_40N97W'  -2952000.000  -2772000.000     36000.000     36000.000 172 148   1
' '
